% Magnetic field components [Tesla], coordinate system: cylindrical 
% Output_Format = 9
% DATA DIMENSION 2D
% GEOMETRY FILE grid.dat
% DATA COLUMN Br "Br [mT]"
% DATA COLUMN Bz "Bz [mT]"
% DATA COLUMN Bphi "Bphi [mT]"
 -0.33148782673501E-01 -0.11780614949204E-01 -0.56398699957825E-02
 -0.33428924399427E-01 -0.10471693558751E-01 -0.44613070630303E-02
 -0.33617439767191E-01 -0.91340699841309E-02 -0.32705159977200E-02
 -0.33713812069273E-01 -0.77714105585862E-02 -0.20707606753907E-02
 -0.33717777155891E-01 -0.63874502368845E-02 -0.86532954198698E-03
 -0.33629324159018E-01 -0.49859823580697E-02  0.34247339954301E-03
 -0.33448695522172E-01 -0.35708482481829E-02  0.15493376452899E-02
 -0.33176386335889E-01 -0.21459266914544E-02  0.27519552642442E-02
 -0.32813142980723E-01 -0.71512329882615E-03  0.39470299651052E-02
 -0.32359961081459E-01  0.71764019705656E-03  0.51312861311866E-02
 -0.31818082778185E-01  0.21484366910417E-02  0.63014777986537E-02
 -0.31188993321663E-01  0.35733444693927E-02  0.74543975534851E-02
 -0.30474417002367E-01  0.49884579589332E-02  0.85868853227712E-02
 -0.29676312424319E-01  0.63898984319517E-02  0.96958370362546E-02
 -0.28796867136690E-01  0.77738246375247E-02  0.10778213134371E-01
 -0.27838491637886E-01  0.91364433301181E-02  0.11831046899471E-01
 -0.26803812768532E-01  0.10474019666610E-01  0.12851452587385E-01
 -0.25695666511490E-01  0.11782887443236E-01  0.13836633337050E-01
 -0.24517090218623E-01  0.13059459144399E-01  0.14783888836512E-01
 -0.23271314285629E-01  0.14300235775798E-01  0.15690622724288E-01
 -0.21961753297748E-01  0.15501816454934E-01  0.16554349705818E-01
 -0.20591996670620E-01  0.16660907732684E-01  0.17372702365484E-01
 -0.19165798811950E-01  0.17774332620425E-01  0.18143437655527E-01
 -0.17687068830935E-01  0.18839039297931E-01  0.18864443044092E-01
 -0.16159859823668E-01  0.19852109478208E-01  0.19533742305524E-01
 -0.14588357763882E-01  0.20810766406308E-01  0.20149500937070E-01
 -0.12976870029489E-01  0.21712382470227E-01  0.20710031187123E-01
 -0.11329813596357E-01  0.22554486403005E-01  0.21213796681228E-01
 -0.96517029316825E-02  0.23334770056294E-01  0.21659416633183E-01
 -0.79471376201542E-02  0.24051094726840E-01  0.22045669629674E-01
 -0.62207897568078E-02  0.24701497018510E-01  0.22371496978086E-01
 -0.44773911411398E-02  0.25284194223833E-01  0.22636005608305E-01
 -0.27217203075736E-02  0.25797589210271E-01  0.22838470520560E-01
 -0.95858942782880E-03  0.26240274797852E-01  0.22978336772602E-01
  0.80716887890696E-03  0.26611037616151E-01  0.23055221000754E-01
  0.25707147918513E-02  0.26908861430055E-01  0.23068912470692E-01
  0.43272145542393E-02  0.27132929925191E-01  0.23019373655048E-01
  0.60718537223151E-02  0.27282628945389E-01  0.22906740336273E-01
  0.77998503613875E-02  0.27357548176040E-01  0.22731321234464E-01
  0.95064681527802E-02  0.27357482268741E-01  0.22493597161186E-01
  0.11187029375753E-01  0.27282431404138E-01  0.22194219701601E-01
  0.12836927728807E-01  0.27132601291434E-01  0.21834009428514E-01
  0.14451640955241E-01  0.26908402604555E-01  0.21413953653247E-01
  0.16026743238337E-01  0.26610449856517E-01  0.20935203719483E-01
  0.17557917332223E-01  0.26239559715092E-01  0.20399071847511E-01
  0.19040966395137E-01  0.25796748764378E-01  0.19807027537527E-01
  0.20471825492683E-01  0.25283230718410E-01  0.19160693541833E-01
  0.21846572739533E-01  0.24700413094459E-01  0.18461841416984E-01
  0.23161440049040E-01  0.24049893355121E-01  0.17712386668078E-01
  0.24412823461305E-01  0.23333454529783E-01  0.16914383498488E-01
  0.25597293021377E-01  0.22553060327469E-01  0.16070019179432E-01
  0.26711602180524E-01  0.21710849754440E-01  0.15181608054820E-01
  0.27752696694794E-01  0.20809131251338E-01  0.14251585197789E-01
  0.28717722996490E-01  0.19850376365900E-01  0.13282499736347E-01
  0.29604036015597E-01  0.18837212978627E-01  0.12277007866383E-01
  0.30409206429737E-01  0.17772418099937E-01  0.11237865571221E-01
  0.31131027322771E-01  0.16658910258581E-01  0.10167921067664E-01
  0.31767520233805E-01  0.15499741502153E-01  0.90701069992228E-02
  0.32316940580011E-01  0.14298089031642E-01  0.79474323979526E-02
  0.32777782438410E-01  0.13057246492942E-01  0.68029744368989E-02
  0.33148782673501E-01  0.11780614949204E-01  0.56398699957825E-02
  0.33428924399427E-01  0.10471693558751E-01  0.44613070630303E-02
  0.33617439767191E-01  0.91340699841309E-02  0.32705159977200E-02
  0.33713812069273E-01  0.77714105585862E-02  0.20707606753907E-02
  0.33717777155891E-01  0.63874502368845E-02  0.86532954198698E-03
  0.33629324159018E-01  0.49859823580697E-02 -0.34247339954301E-03
  0.33448695522172E-01  0.35708482481829E-02 -0.15493376452899E-02
  0.33176386335889E-01  0.21459266914544E-02 -0.27519552642442E-02
  0.32813142980723E-01  0.71512329882616E-03 -0.39470299651052E-02
  0.32359961081459E-01 -0.71764019705657E-03 -0.51312861311866E-02
  0.31818082778185E-01 -0.21484366910417E-02 -0.63014777986537E-02
  0.31188993321663E-01 -0.35733444693927E-02 -0.74543975534851E-02
  0.30474417002367E-01 -0.49884579589332E-02 -0.85868853227712E-02
  0.29676312424319E-01 -0.63898984319518E-02 -0.96958370362547E-02
  0.28796867136690E-01 -0.77738246375247E-02 -0.10778213134371E-01
  0.27838491637886E-01 -0.91364433301181E-02 -0.11831046899471E-01
  0.26803812768532E-01 -0.10474019666610E-01 -0.12851452587385E-01
  0.25695666511490E-01 -0.11782887443236E-01 -0.13836633337050E-01
  0.24517090218623E-01 -0.13059459144399E-01 -0.14783888836512E-01
  0.23271314285629E-01 -0.14300235775798E-01 -0.15690622724288E-01
  0.21961753297748E-01 -0.15501816454934E-01 -0.16554349705818E-01
  0.20591996670620E-01 -0.16660907732684E-01 -0.17372702365484E-01
  0.19165798811950E-01 -0.17774332620425E-01 -0.18143437655527E-01
  0.17687068830935E-01 -0.18839039297931E-01 -0.18864443044092E-01
  0.16159859823668E-01 -0.19852109478208E-01 -0.19533742305524E-01
  0.14588357763882E-01 -0.20810766406308E-01 -0.20149500937070E-01
  0.12976870029489E-01 -0.21712382470227E-01 -0.20710031187123E-01
  0.11329813596357E-01 -0.22554486403005E-01 -0.21213796681228E-01
  0.96517029316825E-02 -0.23334770056294E-01 -0.21659416633183E-01
  0.79471376201542E-02 -0.24051094726840E-01 -0.22045669629674E-01
  0.62207897568078E-02 -0.24701497018510E-01 -0.22371496978086E-01
  0.44773911411398E-02 -0.25284194223833E-01 -0.22636005608305E-01
  0.27217203075736E-02 -0.25797589210271E-01 -0.22838470520560E-01
  0.95858942782879E-03 -0.26240274797852E-01 -0.22978336772602E-01
 -0.80716887890697E-03 -0.26611037616151E-01 -0.23055221000754E-01
 -0.25707147918513E-02 -0.26908861430055E-01 -0.23068912470692E-01
 -0.43272145542393E-02 -0.27132929925191E-01 -0.23019373655048E-01
 -0.60718537223151E-02 -0.27282628945389E-01 -0.22906740336273E-01
 -0.77998503613875E-02 -0.27357548176040E-01 -0.22731321234464E-01
 -0.95064681527803E-02 -0.27357482268741E-01 -0.22493597161186E-01
 -0.11187029375753E-01 -0.27282431404138E-01 -0.22194219701601E-01
 -0.12836927728807E-01 -0.27132601291434E-01 -0.21834009428514E-01
 -0.14451640955241E-01 -0.26908402604555E-01 -0.21413953653247E-01
 -0.16026743238337E-01 -0.26610449856517E-01 -0.20935203719483E-01
 -0.17557917332223E-01 -0.26239559715092E-01 -0.20399071847511E-01
 -0.19040966395137E-01 -0.25796748764378E-01 -0.19807027537527E-01
 -0.20471825492683E-01 -0.25283230718410E-01 -0.19160693541833E-01
 -0.21846572739533E-01 -0.24700413094459E-01 -0.18461841416984E-01
 -0.23161440049040E-01 -0.24049893355121E-01 -0.17712386668078E-01
 -0.24412823461305E-01 -0.23333454529783E-01 -0.16914383498488E-01
 -0.25597293021377E-01 -0.22553060327469E-01 -0.16070019179432E-01
 -0.26711602180524E-01 -0.21710849754440E-01 -0.15181608054820E-01
 -0.27752696694794E-01 -0.20809131251338E-01 -0.14251585197789E-01
 -0.28717722996490E-01 -0.19850376365900E-01 -0.13282499736347E-01
 -0.29604036015597E-01 -0.18837212978627E-01 -0.12277007866383E-01
 -0.30409206429737E-01 -0.17772418099937E-01 -0.11237865571221E-01
 -0.31131027322771E-01 -0.16658910258581E-01 -0.10167921067664E-01
 -0.31767520233805E-01 -0.15499741502153E-01 -0.90701069992228E-02
 -0.32316940580011E-01 -0.14298089031642E-01 -0.79474323979526E-02
 -0.32777782438410E-01 -0.13057246492942E-01 -0.68029744368989E-02
 -0.33148782673501E-01 -0.11780614949204E-01 -0.56398699957825E-02
