% Magnetic field components [Tesla], coordinate system: cylindrical 
% Output_Format = 9
% DATA DIMENSION 2D
% GEOMETRY FILE grid.dat
% DATA COLUMN Br "Br [mT]"
% DATA COLUMN Bz "Bz [mT]"
% DATA COLUMN Bphi "Bphi [mT]"
  0.20775841169143E-01  0.14988519341148E-01  0.13468109004001E-01
  0.21630114911299E-01  0.14043002310757E-01  0.12809626825378E-01
  0.22425102011975E-01  0.13058994387149E-01  0.12116034350012E-01
  0.23158623466786E-01  0.12039192667646E-01  0.11389232666669E-01
  0.23828668744410E-01  0.10986392357875E-01  0.10631213888241E-01
  0.24433401297316E-01  0.99034791103052E-02  0.98440556915134E-02
  0.24971163595611E-01  0.87934211148767E-02  0.90299156223867E-02
  0.25440481670215E-01  0.76592609633955E-02  0.81910251822009E-02
  0.25840069152907E-01  0.65041073100024E-02  0.73296837113418E-02
  0.26168830802173E-01  0.53311263505675E-02  0.64482520869100E-02
  0.26425865505182E-01  0.41435331443677E-02  0.55491462517204E-02
  0.26610468747681E-01  0.29445828018327E-02  0.46348305923714E-02
  0.26722134545014E-01  0.17375615625133E-02  0.37078111845317E-02
  0.26760556828992E-01  0.52577778772752E-03  0.27706289239621E-02
  0.26725630286805E-01 -0.68744710742809E-03  0.18258525620959E-02
  0.26617450649678E-01 -0.18987877578461E-02  0.87607166527051E-03
  0.26436314430476E-01 -0.31049239630030E-02 -0.76110483094421E-04
  0.26182718110986E-01 -0.43025497873979E-02 -0.10280840179156E-02
  0.25857356781092E-01 -0.54883826218921E-02 -0.19772396459048E-02
  0.25461122233584E-01 -0.66591721811125E-02 -0.29209757974609E-02
  0.24995100519815E-01 -0.78117094122579E-02 -0.38567057573907E-02
  0.24460568972909E-01 -0.89428352908895E-02 -0.47818647549158E-02
  0.23858992706681E-01 -0.10049449479598E-01 -0.56939169935311E-02
  0.23192020599863E-01 -0.11128518825811E-01 -0.65903626014463E-02
  0.22461480776638E-01 -0.12177085675456E-01 -0.74687444835616E-02
  0.21669375595883E-01 -0.13192275979684E-01 -0.83266550561934E-02
  0.20817876162839E-01 -0.14171307172436E-01 -0.91617428460949E-02
  0.19909316378266E-01 -0.15111495797263E-01 -0.99717189356802E-02
  0.18946186541379E-01 -0.16010264862498E-01 -0.10754363236788E-01
  0.17931126524116E-01 -0.16865150904604E-01 -0.11507530575791E-01
  0.16866918535428E-01 -0.17673810740362E-01 -0.12229156573365E-01
  0.15756479495439E-01 -0.18434027889373E-01 -0.12917263302808E-01
  0.14602853040373E-01 -0.19143718649273E-01 -0.13569964711407E-01
  0.13409201180154E-01 -0.19800937807019E-01 -0.14185471789969E-01
  0.12178795631564E-01 -0.20403883970582E-01 -0.14762097476374E-01
  0.10915008850684E-01 -0.20950904506438E-01 -0.15298261279698E-01
  0.96213047892384E-02 -0.21440500069321E-01 -0.15792493612223E-01
  0.83012294001338E-02 -0.21871328711826E-01 -0.16243439817479E-01
  0.69584009182548E-02 -0.22242209562588E-01 -0.16649863883264E-01
  0.55964999431314E-02 -0.22552126062977E-01 -0.17010651829462E-01
  0.42192593506718E-02 -0.22800228753406E-01 -0.17324814761392E-01
  0.28304540616091E-02 -0.22985837601647E-01 -0.17591491580293E-01
  0.14338906947060E-02 -0.23108443866747E-01 -0.17809951343543E-01
  0.33397133077247E-04 -0.23167711493457E-01 -0.17979595268115E-01
 -0.13671879677719E-02 -0.23163478033331E-01 -0.18099958371803E-01
 -0.27640257014334E-02 -0.23095755089990E-01 -0.18170710747707E-01
 -0.41532874327724E-02 -0.22964728287313E-01 -0.18191658468482E-01
 -0.55311652919496E-02 -0.22770756760659E-01 -0.18162744117881E-01
 -0.68938826115281E-02 -0.22514372172500E-01 -0.18084046948130E-01
 -0.82377042780564E-02 -0.22196277255171E-01 -0.17955782662701E-01
 -0.95589469697543E-02 -0.21817343884730E-01 -0.17778302825085E-01
 -0.10853989252242E-01 -0.21378610691206E-01 -0.17552093895180E-01
 -0.12119281504642E-01 -0.20881280211786E-01 -0.17277775895939E-01
 -0.13351355648838E-01 -0.20326715594746E-01 -0.16956100713931E-01
 -0.14546834655241E-01 -0.19716436863154E-01 -0.16587950038470E-01
 -0.15702441798993E-01 -0.19052116748592E-01 -0.16174332944968E-01
 -0.16815009641237E-01 -0.18335576106318E-01 -0.15716383129128E-01
 -0.17881488710852E-01 -0.17568778924428E-01 -0.15215355799564E-01
 -0.18898955862837E-01 -0.16753826940696E-01 -0.14672624237359E-01
 -0.19864622290453E-01 -0.15892953881865E-01 -0.14089676032001E-01
 -0.20775841169143E-01 -0.14988519341148E-01 -0.13468109004001E-01
 -0.21630114911299E-01 -0.14043002310757E-01 -0.12809626825378E-01
 -0.22425102011975E-01 -0.13058994387149E-01 -0.12116034350012E-01
 -0.23158623466786E-01 -0.12039192667646E-01 -0.11389232666669E-01
 -0.23828668744410E-01 -0.10986392357875E-01 -0.10631213888241E-01
 -0.24433401297316E-01 -0.99034791103052E-02 -0.98440556915134E-02
 -0.24971163595611E-01 -0.87934211148767E-02 -0.90299156223867E-02
 -0.25440481670215E-01 -0.76592609633955E-02 -0.81910251822009E-02
 -0.25840069152907E-01 -0.65041073100024E-02 -0.73296837113418E-02
 -0.26168830802173E-01 -0.53311263505675E-02 -0.64482520869099E-02
 -0.26425865505182E-01 -0.41435331443677E-02 -0.55491462517204E-02
 -0.26610468747681E-01 -0.29445828018327E-02 -0.46348305923714E-02
 -0.26722134545014E-01 -0.17375615625133E-02 -0.37078111845317E-02
 -0.26760556828992E-01 -0.52577778772751E-03 -0.27706289239621E-02
 -0.26725630286805E-01  0.68744710742809E-03 -0.18258525620959E-02
 -0.26617450649678E-01  0.18987877578461E-02 -0.87607166527051E-03
 -0.26436314430476E-01  0.31049239630030E-02  0.76110483094425E-04
 -0.26182718110986E-01  0.43025497873979E-02  0.10280840179156E-02
 -0.25857356781092E-01  0.54883826218921E-02  0.19772396459048E-02
 -0.25461122233584E-01  0.66591721811125E-02  0.29209757974609E-02
 -0.24995100519815E-01  0.78117094122578E-02  0.38567057573907E-02
 -0.24460568972909E-01  0.89428352908895E-02  0.47818647549158E-02
 -0.23858992706681E-01  0.10049449479598E-01  0.56939169935311E-02
 -0.23192020599863E-01  0.11128518825811E-01  0.65903626014463E-02
 -0.22461480776638E-01  0.12177085675456E-01  0.74687444835616E-02
 -0.21669375595883E-01  0.13192275979684E-01  0.83266550561934E-02
 -0.20817876162839E-01  0.14171307172436E-01  0.91617428460949E-02
 -0.19909316378266E-01  0.15111495797263E-01  0.99717189356802E-02
 -0.18946186541379E-01  0.16010264862498E-01  0.10754363236788E-01
 -0.17931126524116E-01  0.16865150904604E-01  0.11507530575791E-01
 -0.16866918535428E-01  0.17673810740362E-01  0.12229156573365E-01
 -0.15756479495439E-01  0.18434027889373E-01  0.12917263302808E-01
 -0.14602853040373E-01  0.19143718649273E-01  0.13569964711407E-01
 -0.13409201180154E-01  0.19800937807019E-01  0.14185471789969E-01
 -0.12178795631564E-01  0.20403883970582E-01  0.14762097476374E-01
 -0.10915008850684E-01  0.20950904506438E-01  0.15298261279698E-01
 -0.96213047892384E-02  0.21440500069321E-01  0.15792493612223E-01
 -0.83012294001338E-02  0.21871328711826E-01  0.16243439817479E-01
 -0.69584009182548E-02  0.22242209562588E-01  0.16649863883264E-01
 -0.55964999431314E-02  0.22552126062977E-01  0.17010651829462E-01
 -0.42192593506718E-02  0.22800228753406E-01  0.17324814761392E-01
 -0.28304540616091E-02  0.22985837601647E-01  0.17591491580293E-01
 -0.14338906947060E-02  0.23108443866747E-01  0.17809951343543E-01
 -0.33397133077271E-04  0.23167711493457E-01  0.17979595268115E-01
  0.13671879677719E-02  0.23163478033331E-01  0.18099958371803E-01
  0.27640257014334E-02  0.23095755089990E-01  0.18170710747707E-01
  0.41532874327723E-02  0.22964728287313E-01  0.18191658468482E-01
  0.55311652919496E-02  0.22770756760659E-01  0.18162744117881E-01
  0.68938826115281E-02  0.22514372172500E-01  0.18084046948130E-01
  0.82377042780564E-02  0.22196277255171E-01  0.17955782662701E-01
  0.95589469697543E-02  0.21817343884730E-01  0.17778302825085E-01
  0.10853989252242E-01  0.21378610691206E-01  0.17552093895180E-01
  0.12119281504642E-01  0.20881280211786E-01  0.17277775895939E-01
  0.13351355648838E-01  0.20326715594746E-01  0.16956100713931E-01
  0.14546834655241E-01  0.19716436863154E-01  0.16587950038470E-01
  0.15702441798993E-01  0.19052116748592E-01  0.16174332944968E-01
  0.16815009641237E-01  0.18335576106318E-01  0.15716383129128E-01
  0.17881488710852E-01  0.17568778924428E-01  0.15215355799564E-01
  0.18898955862837E-01  0.16753826940696E-01  0.14672624237359E-01
  0.19864622290453E-01  0.15892953881865E-01  0.14089676032001E-01
  0.20775841169143E-01  0.14988519341148E-01  0.13468109004001E-01
